0.000	  0.00000  0.78540
0.005	  0.00000  0.78540
0.010	 -0.00000  0.78540
0.015	 -0.00001  0.78542
0.020	 -0.00001  0.78543
0.025	 -0.00002  0.78545
0.030	 -0.00003  0.78548
0.035	 -0.00004  0.78552
0.040	 -0.00005  0.78556
0.045	 -0.00007  0.78560
0.050	 -0.00008  0.78565
0.055	 -0.00010  0.78571
0.060	 -0.00012  0.78577
0.065	 -0.00015  0.78584
0.070	 -0.00017  0.78591
0.075	 -0.00020  0.78599
0.080	 -0.00022  0.78607
0.085	 -0.00025  0.78616
0.090	 -0.00029  0.78625
0.095	 -0.00032  0.78635
0.100	 -0.00035  0.78645
0.105	 -0.00039  0.78656
0.110	 -0.00043  0.78668
0.115	 -0.00047  0.78680
0.120	 -0.00051  0.78693
0.125	 -0.00056  0.78706
0.130	 -0.00060  0.78719
0.135	 -0.00065  0.78734
0.140	 -0.00070  0.78748
0.145	 -0.00075  0.78764
0.150	 -0.00080  0.78779
0.155	 -0.00086  0.78796
0.160	 -0.00091  0.78812
0.165	 -0.00097  0.78830
0.170	 -0.00103  0.78848
0.175	 -0.00109  0.78866
0.180	 -0.00115  0.78885
0.185	 -0.00122  0.78904
0.190	 -0.00128  0.78924
0.195	 -0.00135  0.78945
0.200	 -0.00142  0.78966
0.205	 -0.00149  0.78987
0.210	 -0.00157  0.79009
0.215	 -0.00164  0.79032
0.220	 -0.00172  0.79055
0.225	 -0.00180  0.79078
0.230	 -0.00188  0.79102
0.235	 -0.00196  0.79127
0.240	 -0.00204  0.79152
0.245	 -0.00213  0.79177
0.250	 -0.00221  0.79203
0.255	 -0.00230  0.79230
0.260	 -0.00239  0.79257
0.265	 -0.00248  0.79284
0.270	 -0.00258  0.79313
0.275	 -0.00267  0.79341
0.280	 -0.00277  0.79370
0.285	 -0.00287  0.79400
0.290	 -0.00297  0.79430
0.295	 -0.00307  0.79460
0.300	 -0.00317  0.79491
0.305	 -0.00328  0.79523
0.310	 -0.00338  0.79555
0.315	 -0.00349  0.79587
0.320	 -0.00360  0.79620
0.325	 -0.00371  0.79654
0.330	 -0.00382  0.79688
0.335	 -0.00394  0.79722
0.340	 -0.00405  0.79757
0.345	 -0.00417  0.79793
0.350	 -0.00429  0.79829
0.355	 -0.00441  0.79865
0.360	 -0.00453  0.79902
0.365	 -0.00465  0.79939
0.370	 -0.00478  0.79977
0.375	 -0.00491  0.80015
0.380	 -0.00503  0.80054
0.385	 -0.00516  0.80093
0.390	 -0.00529  0.80133
0.395	 -0.00543  0.80173
0.400	 -0.00556  0.80214
0.405	 -0.00570  0.80255
0.410	 -0.00583  0.80296
0.415	 -0.00597  0.80339
0.420	 -0.00611  0.80381
0.425	 -0.00625  0.80424
0.430	 -0.00640  0.80467
0.435	 -0.00654  0.80511
0.440	 -0.00669  0.80556
0.445	 -0.00683  0.80601
0.450	 -0.00698  0.80646
0.455	 -0.00713  0.80692
0.460	 -0.00728  0.80738
0.465	 -0.00744  0.80784
0.470	 -0.00759  0.80831
0.475	 -0.00775  0.80879
0.480	 -0.00791  0.80927
0.485	 -0.00806  0.80975
0.490	 -0.00822  0.81024
0.495	 -0.00839  0.81074
0.500	 -0.00855  0.81123
0.505	 -0.00871  0.81173
0.510	 -0.00888  0.81224
0.515	 -0.00904  0.81275
0.520	 -0.00921  0.81327
0.525	 -0.00938  0.81379
0.530	 -0.00955  0.81431
0.535	 -0.00972  0.81484
0.540	 -0.00990  0.81537
0.545	 -0.01007  0.81591
0.550	 -0.01025  0.81645
0.555	 -0.01043  0.81699
0.560	 -0.01061  0.81754
0.565	 -0.01079  0.81810
0.570	 -0.01097  0.81865
0.575	 -0.01115  0.81922
0.580	 -0.01133  0.81978
0.585	 -0.01152  0.82035
0.590	 -0.01170  0.82093
0.595	 -0.01189  0.82151
0.600	 -0.01208  0.82209
0.605	 -0.01227  0.82268
0.610	 -0.01246  0.82327
0.615	 -0.01265  0.82386
0.620	 -0.01285  0.82446
0.625	 -0.01304  0.82507
0.630	 -0.01324  0.82568
0.635	 -0.01344  0.82629
0.640	 -0.01364  0.82690
0.645	 -0.01383  0.82752
0.650	 -0.01404  0.82815
0.655	 -0.01424  0.82877
0.660	 -0.01444  0.82940
0.665	 -0.01464  0.83004
0.670	 -0.01485  0.83068
0.675	 -0.01506  0.83132
0.680	 -0.01526  0.83197
0.685	 -0.01547  0.83262
0.690	 -0.01568  0.83328
0.695	 -0.01589  0.83393
0.700	 -0.01611  0.83460
0.705	 -0.01632  0.83526
0.710	 -0.01653  0.83593
0.715	 -0.01675  0.83661
0.720	 -0.01697  0.83729
0.725	 -0.01718  0.83797
0.730	 -0.01740  0.83865
0.735	 -0.01762  0.83934
0.740	 -0.01784  0.84004
0.745	 -0.01806  0.84073
0.750	 -0.01829  0.84143
0.755	 -0.01851  0.84214
0.760	 -0.01873  0.84284
0.765	 -0.01896  0.84356
0.770	 -0.01919  0.84427
0.775	 -0.01941  0.84499
0.780	 -0.01964  0.84571
0.785	 -0.01987  0.84644
0.790	 -0.02010  0.84717
0.795	 -0.02033  0.84790
0.800	 -0.02057  0.84863
0.805	 -0.02080  0.84937
0.810	 -0.02103  0.85012
0.815	 -0.02127  0.85087
0.820	 -0.02151  0.85162
0.825	 -0.02174  0.85237
0.830	 -0.02198  0.85313
0.835	 -0.02222  0.85389
0.840	 -0.02246  0.85465
0.845	 -0.02270  0.85542
0.850	 -0.02294  0.85619
0.855	 -0.02318  0.85696
0.860	 -0.02343  0.85774
0.865	 -0.02367  0.85852
0.870	 -0.02392  0.85931
0.875	 -0.02416  0.86010
0.880	 -0.02441  0.86089
0.885	 -0.02466  0.86168
0.890	 -0.02490  0.86248
0.895	 -0.02515  0.86328
0.900	 -0.02540  0.86408
0.905	 -0.02565  0.86489
0.910	 -0.02591  0.86570
0.915	 -0.02616  0.86651
0.920	 -0.02641  0.86733
0.925	 -0.02666  0.86815
0.930	 -0.02692  0.86897
0.935	 -0.02717  0.86980
0.940	 -0.02743  0.87063
0.945	 -0.02769  0.87146
0.950	 -0.02794  0.87230
0.955	 -0.02820  0.87314
0.960	 -0.02846  0.87398
0.965	 -0.02872  0.87482
0.970	 -0.02898  0.87567
0.975	 -0.02924  0.87652
0.980	 -0.02950  0.87738
0.985	 -0.02977  0.87823
0.990	 -0.03003  0.87909
0.995	 -0.03029  0.87996
1.000	 -0.03056  0.88082
1.005	 -0.03082  0.88169
1.010	 -0.03109  0.88256
1.015	 -0.03135  0.88344
1.020	 -0.03162  0.88431
1.025	 -0.03189  0.88520
1.030	 -0.03216  0.88608
1.035	 -0.03243  0.88696
1.040	 -0.03269  0.88785
1.045	 -0.03296  0.88875
1.050	 -0.03323  0.88964
1.055	 -0.03351  0.89054
1.060	 -0.03378  0.89144
1.065	 -0.03405  0.89234
1.070	 -0.03432  0.89325
1.075	 -0.03460  0.89415
1.080	 -0.03487  0.89507
1.085	 -0.03514  0.89598
1.090	 -0.03542  0.89690
1.095	 -0.03569  0.89781
1.100	 -0.03597  0.89874
1.105	 -0.03625  0.89966
1.110	 -0.03652  0.90059
1.115	 -0.03680  0.90152
1.120	 -0.03708  0.90245
1.125	 -0.03736  0.90338
1.130	 -0.03764  0.90432
1.135	 -0.03792  0.90526
1.140	 -0.03819  0.90621
1.145	 -0.03848  0.90715
1.150	 -0.03876  0.90810
1.155	 -0.03904  0.90905
1.160	 -0.03932  0.91000
1.165	 -0.03960  0.91096
1.170	 -0.03988  0.91191
1.175	 -0.04017  0.91287
1.180	 -0.04045  0.91384
1.185	 -0.04073  0.91480
1.190	 -0.04102  0.91577
1.195	 -0.04130  0.91674
1.200	 -0.04159  0.91771
1.205	 -0.04187  0.91869
1.210	 -0.04216  0.91966
1.215	 -0.04244  0.92064
1.220	 -0.04273  0.92162
1.225	 -0.04301  0.92261
1.230	 -0.04330  0.92359
1.235	 -0.04359  0.92458
1.240	 -0.04388  0.92557
1.245	 -0.04416  0.92657
1.250	 -0.04445  0.92756
1.255	 -0.04474  0.92856
1.260	 -0.04503  0.92956
1.265	 -0.04532  0.93056
1.270	 -0.04561  0.93157
1.275	 -0.04590  0.93257
1.280	 -0.04619  0.93358
1.285	 -0.04648  0.93459
1.290	 -0.04677  0.93561
1.295	 -0.04706  0.93662
1.300	 -0.04735  0.93764
1.305	 -0.04764  0.93866
1.310	 -0.04793  0.93968
1.315	 -0.04822  0.94070
1.320	 -0.04851  0.94173
1.325	 -0.04880  0.94276
1.330	 -0.04910  0.94379
1.335	 -0.04939  0.94482
1.340	 -0.04968  0.94585
1.345	 -0.04997  0.94689
1.350	 -0.05027  0.94793
1.355	 -0.05056  0.94897
1.360	 -0.05085  0.95001
1.365	 -0.05115  0.95105
1.370	 -0.05144  0.95210
1.375	 -0.05173  0.95314
1.380	 -0.05203  0.95419
1.385	 -0.05232  0.95525
1.390	 -0.05261  0.95630
1.395	 -0.05291  0.95736
1.400	 -0.05320  0.95841
1.405	 -0.05350  0.95947
1.410	 -0.05379  0.96053
1.415	 -0.05408  0.96160
1.420	 -0.05438  0.96266
1.425	 -0.05467  0.96373
1.430	 -0.05497  0.96480
1.435	 -0.05526  0.96587
1.440	 -0.05556  0.96694
1.445	 -0.05585  0.96801
1.450	 -0.05615  0.96909
1.455	 -0.05644  0.97016
1.460	 -0.05674  0.97124
1.465	 -0.05703  0.97232
1.470	 -0.05733  0.97341
1.475	 -0.05762  0.97449
1.480	 -0.05792  0.97558
1.485	 -0.05821  0.97666
1.490	 -0.05851  0.97775
1.495	 -0.05880  0.97884
1.500	 -0.05910  0.97994
1.505	 -0.05939  0.98103
1.510	 -0.05969  0.98213
1.515	 -0.05998  0.98323
1.520	 -0.06028  0.98432
1.525	 -0.06057  0.98542
1.530	 -0.06087  0.98653
1.535	 -0.06116  0.98763
1.540	 -0.06146  0.98874
1.545	 -0.06175  0.98984
1.550	 -0.06205  0.99095
1.555	 -0.06234  0.99206
1.560	 -0.06264  0.99317
1.565	 -0.06293  0.99429
1.570	 -0.06323  0.99540
1.575	 -0.06352  0.99652
1.580	 -0.06381  0.99764
1.585	 -0.06411  0.99875
1.590	 -0.06440  0.99987
1.595	 -0.06470  1.00100
1.600	 -0.06499  1.00212
1.605	 -0.06528  1.00324
1.610	 -0.06558  1.00437
1.615	 -0.06587  1.00550
1.620	 -0.06616  1.00663
1.625	 -0.06646  1.00776
1.630	 -0.06675  1.00889
1.635	 -0.06704  1.01002
1.640	 -0.06733  1.01116
1.645	 -0.06763  1.01229
1.650	 -0.06792  1.01343
1.655	 -0.06821  1.01457
1.660	 -0.06850  1.01571
1.665	 -0.06879  1.01685
1.670	 -0.06909  1.01799
1.675	 -0.06938  1.01914
1.680	 -0.06967  1.02028
1.685	 -0.06996  1.02143
1.690	 -0.07025  1.02258
1.695	 -0.07054  1.02372
1.700	 -0.07083  1.02487
1.705	 -0.07112  1.02603
1.710	 -0.07141  1.02718
1.715	 -0.07170  1.02833
1.720	 -0.07199  1.02949
1.725	 -0.07228  1.03064
1.730	 -0.07256  1.03180
1.735	 -0.07285  1.03296
1.740	 -0.07314  1.03412
1.745	 -0.07343  1.03528
1.750	 -0.07372  1.03644
1.755	 -0.07400  1.03760
1.760	 -0.07429  1.03877
1.765	 -0.07458  1.03993
1.770	 -0.07486  1.04110
1.775	 -0.07515  1.04227
1.780	 -0.07543  1.04343
1.785	 -0.07572  1.04460
1.790	 -0.07600  1.04577
1.795	 -0.07629  1.04695
1.800	 -0.07657  1.04812
1.805	 -0.07686  1.04929
1.810	 -0.07714  1.05047
1.815	 -0.07742  1.05164
1.820	 -0.07771  1.05282
1.825	 -0.07799  1.05400
1.830	 -0.07827  1.05518
1.835	 -0.07855  1.05636
1.840	 -0.07883  1.05754
1.845	 -0.07911  1.05872
1.850	 -0.07939  1.05990
1.855	 -0.07968  1.06108
1.860	 -0.07995  1.06227
1.865	 -0.08023  1.06345
1.870	 -0.08051  1.06464
1.875	 -0.08079  1.06583
1.880	 -0.08107  1.06702
1.885	 -0.08135  1.06820
1.890	 -0.08162  1.06939
1.895	 -0.08190  1.07059
1.900	 -0.08218  1.07178
1.905	 -0.08245  1.07297
1.910	 -0.08273  1.07416
1.915	 -0.08300  1.07536
1.920	 -0.08328  1.07655
1.925	 -0.08355  1.07775
1.930	 -0.08383  1.07894
1.935	 -0.08410  1.08014
1.940	 -0.08437  1.08134
1.945	 -0.08465  1.08254
1.950	 -0.08492  1.08374
1.955	 -0.08519  1.08494
1.960	 -0.08546  1.08614
1.965	 -0.08573  1.08734
1.970	 -0.08600  1.08855
1.975	 -0.08627  1.08975
1.980	 -0.08654  1.09096
1.985	 -0.08681  1.09216
1.990	 -0.08707  1.09337
1.995	 -0.08734  1.09457
2.000	 -0.08761  1.09578
2.005	 -0.08787  1.09699
2.010	 -0.08814  1.09820
2.015	 -0.08841  1.09941
2.020	 -0.08867  1.10062
2.025	 -0.08893  1.10183
2.030	 -0.08920  1.10304
2.035	 -0.08946  1.10425
2.040	 -0.08972  1.10546
2.045	 -0.08998  1.10668
2.050	 -0.09025  1.10789
2.055	 -0.09051  1.10910
2.060	 -0.09077  1.11032
2.065	 -0.09103  1.11154
2.070	 -0.09128  1.11275
2.075	 -0.09154  1.11397
2.080	 -0.09180  1.11519
2.085	 -0.09206  1.11640
2.090	 -0.09231  1.11762
2.095	 -0.09257  1.11884
2.100	 -0.09283  1.12006
2.105	 -0.09308  1.12128
2.110	 -0.09333  1.12250
2.115	 -0.09359  1.12372
2.120	 -0.09384  1.12495
2.125	 -0.09409  1.12617
2.130	 -0.09434  1.12739
2.135	 -0.09459  1.12862
2.140	 -0.09484  1.12984
2.145	 -0.09509  1.13106
2.150	 -0.09534  1.13229
2.155	 -0.09559  1.13351
2.160	 -0.09584  1.13474
2.165	 -0.09609  1.13597
2.170	 -0.09633  1.13719
2.175	 -0.09658  1.13842
2.180	 -0.09682  1.13965
2.185	 -0.09707  1.14088
2.190	 -0.09731  1.14210
2.195	 -0.09755  1.14333
2.200	 -0.09779  1.14456
2.205	 -0.09804  1.14579
2.210	 -0.09828  1.14702
2.215	 -0.09852  1.14825
2.220	 -0.09876  1.14948
2.225	 -0.09899  1.15071
2.230	 -0.09923  1.15195
2.235	 -0.09947  1.15318
2.240	 -0.09970  1.15441
2.245	 -0.09994  1.15564
2.250	 -0.10018  1.15688
2.255	 -0.10041  1.15811
2.260	 -0.10064  1.15934
2.265	 -0.10088  1.16058
2.270	 -0.10111  1.16181
2.275	 -0.10134  1.16305
2.280	 -0.10157  1.16428
2.285	 -0.10180  1.16552
2.290	 -0.10203  1.16675
2.295	 -0.10225  1.16799
2.300	 -0.10248  1.16922
2.305	 -0.10271  1.17046
2.310	 -0.10293  1.17170
2.315	 -0.10316  1.17293
2.320	 -0.10338  1.17417
2.325	 -0.10361  1.17541
2.330	 -0.10383  1.17664
2.335	 -0.10405  1.17788
2.340	 -0.10427  1.17912
2.345	 -0.10449  1.18036
2.350	 -0.10471  1.18160
2.355	 -0.10493  1.18283
2.360	 -0.10515  1.18407
2.365	 -0.10536  1.18531
2.370	 -0.10558  1.18655
2.375	 -0.10579  1.18779
2.380	 -0.10601  1.18903
2.385	 -0.10622  1.19027
2.390	 -0.10643  1.19151
2.395	 -0.10665  1.19275
2.400	 -0.10686  1.19399
2.405	 -0.10707  1.19523
2.410	 -0.10728  1.19647
2.415	 -0.10748  1.19771
2.420	 -0.10769  1.19895
2.425	 -0.10790  1.20019
2.430	 -0.10810  1.20143
2.435	 -0.10831  1.20267
2.440	 -0.10851  1.20392
2.445	 -0.10871  1.20516
2.450	 -0.10892  1.20640
2.455	 -0.10912  1.20764
2.460	 -0.10932  1.20888
2.465	 -0.10952  1.21012
2.470	 -0.10972  1.21136
2.475	 -0.10991  1.21261
2.480	 -0.11011  1.21385
2.485	 -0.11031  1.21509
2.490	 -0.11050  1.21633
2.495	 -0.11069  1.21757
2.500	 -0.11089  1.21881
2.505	 -0.11108  1.22006
2.510	 -0.11127  1.22130
2.515	 -0.11146  1.22254
2.520	 -0.11165  1.22378
2.525	 -0.11184  1.22502
2.530	 -0.11203  1.22627
2.535	 -0.11221  1.22751
2.540	 -0.11240  1.22875
2.545	 -0.11258  1.22999
2.550	 -0.11277  1.23123
2.555	 -0.11295  1.23248
2.560	 -0.11313  1.23372
2.565	 -0.11331  1.23496
2.570	 -0.11349  1.23620
2.575	 -0.11367  1.23744
2.580	 -0.11385  1.23868
2.585	 -0.11402  1.23993
2.590	 -0.11420  1.24117
2.595	 -0.11437  1.24241
2.600	 -0.11455  1.24365
2.605	 -0.11472  1.24489
2.610	 -0.11489  1.24613
2.615	 -0.11506  1.24737
2.620	 -0.11523  1.24861
2.625	 -0.11540  1.24986
2.630	 -0.11557  1.25110
2.635	 -0.11573  1.25234
2.640	 -0.11590  1.25358
2.645	 -0.11607  1.25482
2.650	 -0.11623  1.25606
2.655	 -0.11639  1.25730
2.660	 -0.11655  1.25854
2.665	 -0.11671  1.25978
2.670	 -0.11687  1.26102
2.675	 -0.11703  1.26226
2.680	 -0.11719  1.26350
2.685	 -0.11734  1.26473
2.690	 -0.11750  1.26597
2.695	 -0.11765  1.26721
2.700	 -0.11781  1.26845
2.705	 -0.11796  1.26969
2.710	 -0.11811  1.27093
2.715	 -0.11826  1.27217
2.720	 -0.11841  1.27340
2.725	 -0.11856  1.27464
2.730	 -0.11870  1.27588
2.735	 -0.11885  1.27712
2.740	 -0.11899  1.27835
2.745	 -0.11914  1.27959
2.750	 -0.11928  1.28083
2.755	 -0.11942  1.28206
2.760	 -0.11956  1.28330
2.765	 -0.11970  1.28453
2.770	 -0.11984  1.28577
2.775	 -0.11997  1.28700
2.780	 -0.12011  1.28824
2.785	 -0.12024  1.28947
2.790	 -0.12038  1.29071
2.795	 -0.12051  1.29194
2.800	 -0.12064  1.29318
2.805	 -0.12077  1.29441
2.810	 -0.12090  1.29564
2.815	 -0.12103  1.29688
2.820	 -0.12115  1.29811
2.825	 -0.12128  1.29934
2.830	 -0.12140  1.30057
2.835	 -0.12153  1.30181
2.840	 -0.12165  1.30304
2.845	 -0.12177  1.30427
2.850	 -0.12189  1.30550
2.855	 -0.12201  1.30673
2.860	 -0.12213  1.30796
2.865	 -0.12224  1.30919
2.870	 -0.12236  1.31042
2.875	 -0.12247  1.31165
2.880	 -0.12259  1.31288
2.885	 -0.12270  1.31410
2.890	 -0.12281  1.31533
2.895	 -0.12292  1.31656
2.900	 -0.12302  1.31779
2.905	 -0.12313  1.31901
2.910	 -0.12324  1.32024
2.915	 -0.12334  1.32147
2.920	 -0.12345  1.32269
2.925	 -0.12355  1.32392
2.930	 -0.12365  1.32514
2.935	 -0.12375  1.32637
2.940	 -0.12385  1.32759
2.945	 -0.12394  1.32881
2.950	 -0.12404  1.33004
2.955	 -0.12413  1.33126
2.960	 -0.12423  1.33248
2.965	 -0.12432  1.33370
2.970	 -0.12441  1.33493
2.975	 -0.12450  1.33615
2.980	 -0.12459  1.33737
2.985	 -0.12468  1.33859
2.990	 -0.12476  1.33981
2.995	 -0.12485  1.34103
3.000	 -0.12493  1.34224
3.005	 -0.12502  1.34346
3.010	 -0.12510  1.34468
3.015	 -0.12518  1.34590
3.020	 -0.12526  1.34711
3.025	 -0.12533  1.34833
3.030	 -0.12541  1.34955
3.035	 -0.12548  1.35076
3.040	 -0.12556  1.35198
3.045	 -0.12563  1.35319
3.050	 -0.12570  1.35441
3.055	 -0.12577  1.35562
3.060	 -0.12584  1.35683
3.065	 -0.12591  1.35804
3.070	 -0.12597  1.35926
3.075	 -0.12604  1.36047
3.080	 -0.12610  1.36168
3.085	 -0.12616  1.36289
3.090	 -0.12622  1.36410
3.095	 -0.12628  1.36531
3.100	 -0.12634  1.36651
3.105	 -0.12640  1.36772
3.110	 -0.12646  1.36893
3.115	 -0.12651  1.37014
3.120	 -0.12656  1.37134
3.125	 -0.12661  1.37255
3.130	 -0.12667  1.37375
3.135	 -0.12671  1.37496
3.140	 -0.12676  1.37616
3.145	 -0.12681  1.37736
3.150	 -0.12685  1.37857
3.155	 -0.12690  1.37977
3.160	 -0.12694  1.38097
3.165	 -0.12698  1.38217
3.170	 -0.12702  1.38337
3.175	 -0.12706  1.38457
3.180	 -0.12710  1.38577
3.185	 -0.12713  1.38697
3.190	 -0.12717  1.38817
3.195	 -0.12720  1.38936
3.200	 -0.12723  1.39056
3.205	 -0.12726  1.39176
3.210	 -0.12729  1.39295
3.215	 -0.12732  1.39415
3.220	 -0.12735  1.39534
3.225	 -0.12737  1.39653
3.230	 -0.12739  1.39773
3.235	 -0.12742  1.39892
3.240	 -0.12744  1.40011
3.245	 -0.12746  1.40130
3.250	 -0.12748  1.40249
3.255	 -0.12749  1.40368
3.260	 -0.12751  1.40487
3.265	 -0.12752  1.40606
3.270	 -0.12753  1.40724
3.275	 -0.12755  1.40843
3.280	 -0.12756  1.40962
3.285	 -0.12756  1.41080
3.290	 -0.12757  1.41199
3.295	 -0.12758  1.41317
3.300	 -0.12758  1.41435
3.305	 -0.12758  1.41553
3.310	 -0.12758  1.41672
3.315	 -0.12758  1.41790
3.320	 -0.12758  1.41908
3.325	 -0.12758  1.42026
3.330	 -0.12758  1.42143
3.335	 -0.12757  1.42261
3.340	 -0.12756  1.42379
3.345	 -0.12755  1.42497
3.350	 -0.12754  1.42614
3.355	 -0.12753  1.42732
3.360	 -0.12752  1.42849
3.365	 -0.12751  1.42966
3.370	 -0.12749  1.43084
3.375	 -0.12747  1.43201
3.380	 -0.12746  1.43318
3.385	 -0.12744  1.43435
3.390	 -0.12741  1.43552
3.395	 -0.12739  1.43669
3.400	 -0.12737  1.43786
3.405	 -0.12734  1.43902
3.410	 -0.12731  1.44019
3.415	 -0.12728  1.44136
3.420	 -0.12725  1.44252
3.425	 -0.12722  1.44368
3.430	 -0.12719  1.44485
3.435	 -0.12716  1.44601
3.440	 -0.12712  1.44717
3.445	 -0.12708  1.44833
3.450	 -0.12704  1.44949
3.455	 -0.12700  1.45065
3.460	 -0.12696  1.45181
3.465	 -0.12692  1.45297
3.470	 -0.12687  1.45412
3.475	 -0.12683  1.45528
3.480	 -0.12678  1.45643
3.485	 -0.12673  1.45759
3.490	 -0.12668  1.45874
3.495	 -0.12663  1.45989
3.500	 -0.12657  1.46104
3.505	 -0.12652  1.46219
3.510	 -0.12646  1.46334
3.515	 -0.12640  1.46449
3.520	 -0.12634  1.46564
3.525	 -0.12628  1.46679
3.530	 -0.12622  1.46793
3.535	 -0.12615  1.46908
3.540	 -0.12609  1.47022
3.545	 -0.12602  1.47137
3.550	 -0.12595  1.47251
3.555	 -0.12588  1.47365
3.560	 -0.12581  1.47479
3.565	 -0.12573  1.47593
3.570	 -0.12566  1.47707
3.575	 -0.12558  1.47821
3.580	 -0.12550  1.47934
3.585	 -0.12543  1.48048
3.590	 -0.12534  1.48162
3.595	 -0.12526  1.48275
3.600	 -0.12518  1.48388
3.605	 -0.12509  1.48502
3.610	 -0.12500  1.48615
3.615	 -0.12492  1.48728
3.620	 -0.12482  1.48841
3.625	 -0.12473  1.48954
3.630	 -0.12464  1.49066
3.635	 -0.12454  1.49179
3.640	 -0.12445  1.49292
3.645	 -0.12435  1.49404
3.650	 -0.12425  1.49516
3.655	 -0.12415  1.49629
3.660	 -0.12405  1.49741
3.665	 -0.12394  1.49853
3.670	 -0.12384  1.49965
3.675	 -0.12373  1.50077
3.680	 -0.12362  1.50189
3.685	 -0.12351  1.50300
3.690	 -0.12340  1.50412
3.695	 -0.12328  1.50523
3.700	 -0.12317  1.50635
3.705	 -0.12305  1.50746
3.710	 -0.12293  1.50857
3.715	 -0.12281  1.50968
3.720	 -0.12269  1.51079
3.725	 -0.12257  1.51190
3.730	 -0.12244  1.51301
3.735	 -0.12231  1.51412
3.740	 -0.12219  1.51522
3.745	 -0.12206  1.51633
3.750	 -0.12193  1.51743
3.755	 -0.12179  1.51853
3.760	 -0.12166  1.51964
3.765	 -0.12152  1.52074
3.770	 -0.12138  1.52184
3.775	 -0.12124  1.52294
3.780	 -0.12110  1.52403
3.785	 -0.12096  1.52513
3.790	 -0.12082  1.52622
3.795	 -0.12067  1.52732
3.800	 -0.12052  1.52841
3.805	 -0.12037  1.52950
3.810	 -0.12022  1.53059
3.815	 -0.12007  1.53168
3.820	 -0.11992  1.53277
3.825	 -0.11976  1.53386
3.830	 -0.11961  1.53495
3.835	 -0.11945  1.53603
3.840	 -0.11929  1.53712
3.845	 -0.11912  1.53820
3.850	 -0.11896  1.53928
3.855	 -0.11880  1.54036
3.860	 -0.11863  1.54145
3.865	 -0.11846  1.54252
3.870	 -0.11829  1.54360
3.875	 -0.11812  1.54468
3.880	 -0.11794  1.54575
3.885	 -0.11777  1.54683
3.890	 -0.11759  1.54790
3.895	 -0.11741  1.54897
3.900	 -0.11723  1.55005
3.905	 -0.11705  1.55112
3.910	 -0.11687  1.55218
3.915	 -0.11668  1.55325
3.920	 -0.11650  1.55432
3.925	 -0.11631  1.55538
3.930	 -0.11612  1.55645
3.935	 -0.11593  1.55751
3.940	 -0.11573  1.55857
3.945	 -0.11554  1.55963
3.950	 -0.11534  1.56069
3.955	 -0.11514  1.56175
3.960	 -0.11494  1.56281
3.965	 -0.11474  1.56387
3.970	 -0.11454  1.56492
3.975	 -0.11433  1.56597
3.980	 -0.11413  1.56703
3.985	 -0.11392  1.56808
3.990	 -0.11371  1.56913
3.995	 -0.11350  1.57018
4.000	 -0.11328  1.57122
4.005	 -0.11307  1.57227
4.010	 -0.11285  1.57332
4.015	 -0.11263  1.57436
4.020	 -0.11241  1.57540
4.025	 -0.11219  1.57645
4.030	 -0.11197  1.57749
4.035	 -0.11174  1.57853
4.040	 -0.11152  1.57956
4.045	 -0.11129  1.58060
4.050	 -0.11106  1.58164
4.055	 -0.11083  1.58267
4.060	 -0.11059  1.58370
4.065	 -0.11036  1.58474
4.070	 -0.11012  1.58577
4.075	 -0.10988  1.58680
4.080	 -0.10964  1.58782
4.085	 -0.10940  1.58885
4.090	 -0.10915  1.58988
4.095	 -0.10891  1.59090
4.100	 -0.10866  1.59192
4.105	 -0.10841  1.59295
4.110	 -0.10816  1.59397
4.115	 -0.10791  1.59499
4.120	 -0.10766  1.59600
4.125	 -0.10740  1.59702
4.130	 -0.10714  1.59804
4.135	 -0.10688  1.59905
4.140	 -0.10662  1.60006
4.145	 -0.10636  1.60108
4.150	 -0.10610  1.60209
4.155	 -0.10583  1.60309
4.160	 -0.10556  1.60410
4.165	 -0.10529  1.60511
4.170	 -0.10502  1.60611
4.175	 -0.10475  1.60712
4.180	 -0.10447  1.60812
4.185	 -0.10420  1.60912
4.190	 -0.10392  1.61012
4.195	 -0.10364  1.61112
4.200	 -0.10336  1.61212
4.205	 -0.10307  1.61311
4.210	 -0.10279  1.61411
4.215	 -0.10250  1.61510
4.220	 -0.10221  1.61610
4.225	 -0.10192  1.61709
4.230	 -0.10163  1.61808
4.235	 -0.10134  1.61906
4.240	 -0.10104  1.62005
4.245	 -0.10075  1.62104
4.250	 -0.10045  1.62202
4.255	 -0.10015  1.62300
4.260	 -0.09984  1.62398
4.265	 -0.09954  1.62496
4.270	 -0.09923  1.62594
4.275	 -0.09893  1.62692
4.280	 -0.09862  1.62790
4.285	 -0.09831  1.62887
4.290	 -0.09799  1.62984
4.295	 -0.09768  1.63082
4.300	 -0.09736  1.63179
4.305	 -0.09705  1.63276
4.310	 -0.09673  1.63372
4.315	 -0.09640  1.63469
4.320	 -0.09608  1.63565
4.325	 -0.09576  1.63662
4.330	 -0.09543  1.63758
4.335	 -0.09510  1.63854
4.340	 -0.09477  1.63950
4.345	 -0.09444  1.64046
4.350	 -0.09410  1.64141
4.355	 -0.09377  1.64237
4.360	 -0.09343  1.64332
4.365	 -0.09309  1.64428
4.370	 -0.09275  1.64523
4.375	 -0.09241  1.64618
4.380	 -0.09207  1.64712
4.385	 -0.09172  1.64807
4.390	 -0.09137  1.64902
4.395	 -0.09102  1.64996
4.400	 -0.09067  1.65090
4.405	 -0.09032  1.65184
4.410	 -0.08996  1.65278
4.415	 -0.08961  1.65372
4.420	 -0.08925  1.65466
4.425	 -0.08889  1.65559
4.430	 -0.08853  1.65653
4.435	 -0.08816  1.65746
4.440	 -0.08780  1.65839
4.445	 -0.08743  1.65932
4.450	 -0.08706  1.66025
4.455	 -0.08669  1.66118
4.460	 -0.08632  1.66210
4.465	 -0.08595  1.66302
4.470	 -0.08557  1.66395
4.475	 -0.08519  1.66487
4.480	 -0.08481  1.66579
4.485	 -0.08443  1.66670
4.490	 -0.08405  1.66762
4.495	 -0.08366  1.66853
4.500	 -0.08328  1.66945
4.505	 -0.08289  1.67036
4.510	 -0.08250  1.67127
4.515	 -0.08211  1.67218
4.520	 -0.08171  1.67309
4.525	 -0.08132  1.67399
4.530	 -0.08092  1.67490
4.535	 -0.08052  1.67580
4.540	 -0.08012  1.67670
4.545	 -0.07972  1.67760
4.550	 -0.07932  1.67850
4.555	 -0.07891  1.67940
4.560	 -0.07850  1.68029
4.565	 -0.07809  1.68119
4.570	 -0.07768  1.68208
4.575	 -0.07727  1.68297
4.580	 -0.07685  1.68386
4.585	 -0.07644  1.68475
4.590	 -0.07602  1.68563
4.595	 -0.07560  1.68652
4.600	 -0.07518  1.68740
4.605	 -0.07476  1.68828
4.610	 -0.07433  1.68916
4.615	 -0.07390  1.69004
4.620	 -0.07347  1.69092
4.625	 -0.07304  1.69179
4.630	 -0.07261  1.69267
4.635	 -0.07218  1.69354
4.640	 -0.07174  1.69441
4.645	 -0.07130  1.69528
4.650	 -0.07087  1.69615
4.655	 -0.07042  1.69701
4.660	 -0.06998  1.69788
4.665	 -0.06954  1.69874
4.670	 -0.06909  1.69960
4.675	 -0.06864  1.70046
4.680	 -0.06819  1.70132
4.685	 -0.06774  1.70218
4.690	 -0.06729  1.70303
4.695	 -0.06683  1.70389
4.700	 -0.06638  1.70474
4.705	 -0.06592  1.70559
4.710	 -0.06546  1.70644
4.715	 -0.06499  1.70729
4.720	 -0.06453  1.70813
4.725	 -0.06407  1.70898
4.730	 -0.06360  1.70982
4.735	 -0.06313  1.71066
4.740	 -0.06266  1.71150
4.745	 -0.06219  1.71234
4.750	 -0.06171  1.71317
4.755	 -0.06123  1.71401
4.760	 -0.06076  1.71484
4.765	 -0.06028  1.71567
4.770	 -0.05980  1.71650
4.775	 -0.05931  1.71733
4.780	 -0.05883  1.71816
4.785	 -0.05834  1.71898
4.790	 -0.05785  1.71981
4.795	 -0.05736  1.72063
4.800	 -0.05687  1.72145
4.805	 -0.05638  1.72227
4.810	 -0.05588  1.72308
4.815	 -0.05538  1.72390
4.820	 -0.05489  1.72471
4.825	 -0.05439  1.72552
4.830	 -0.05388  1.72633
4.835	 -0.05338  1.72714
4.840	 -0.05287  1.72795
4.845	 -0.05237  1.72876
4.850	 -0.05186  1.72956
4.855	 -0.05135  1.73036
4.860	 -0.05083  1.73116
4.865	 -0.05032  1.73196
4.870	 -0.04980  1.73276
4.875	 -0.04928  1.73355
4.880	 -0.04876  1.73435
4.885	 -0.04824  1.73514
4.890	 -0.04772  1.73593
4.895	 -0.04719  1.73672
4.900	 -0.04667  1.73751
4.905	 -0.04614  1.73829
4.910	 -0.04561  1.73908
4.915	 -0.04508  1.73986
4.920	 -0.04454  1.74064
4.925	 -0.04401  1.74142
4.930	 -0.04347  1.74220
4.935	 -0.04293  1.74297
4.940	 -0.04239  1.74375
4.945	 -0.04185  1.74452
4.950	 -0.04131  1.74529
4.955	 -0.04076  1.74606
4.960	 -0.04021  1.74682
4.965	 -0.03967  1.74759
4.970	 -0.03912  1.74835
4.975	 -0.03856  1.74912
4.980	 -0.03801  1.74988
4.985	 -0.03745  1.75063
4.990	 -0.03690  1.75139
4.995	 -0.03634  1.75215
5.000	 -0.03578  1.75290
5.005	 -0.03521  1.75365
5.010	 -0.03465  1.75440
5.015	 -0.03408  1.75515
5.020	 -0.03352  1.75590
5.025	 -0.03295  1.75664
5.030	 -0.03238  1.75739
5.035	 -0.03180  1.75813
5.040	 -0.03123  1.75887
5.045	 -0.03065  1.75961
5.050	 -0.03007  1.76034
5.055	 -0.02949  1.76108
5.060	 -0.02891  1.76181
5.065	 -0.02833  1.76254
5.070	 -0.02775  1.76327
5.075	 -0.02716  1.76400
5.080	 -0.02657  1.76473
5.085	 -0.02598  1.76545
5.090	 -0.02539  1.76617
5.095	 -0.02480  1.76689
5.100	 -0.02420  1.76761
5.105	 -0.02361  1.76833
5.110	 -0.02301  1.76905
5.115	 -0.02241  1.76976
5.120	 -0.02181  1.77047
5.125	 -0.02121  1.77118
5.130	 -0.02060  1.77189
5.135	 -0.02000  1.77260
5.140	 -0.01939  1.77331
5.145	 -0.01878  1.77401
5.150	 -0.01817  1.77471
5.155	 -0.01756  1.77541
5.160	 -0.01694  1.77611
5.165	 -0.01632  1.77681
5.170	 -0.01571  1.77750
5.175	 -0.01509  1.77819
5.180	 -0.01447  1.77889
5.185	 -0.01384  1.77957
5.190	 -0.01322  1.78026
5.195	 -0.01259  1.78095
5.200	 -0.01197  1.78163
5.205	 -0.01134  1.78232
5.210	 -0.01071  1.78300
5.215	 -0.01007  1.78368
5.220	 -0.00944  1.78435
5.225	 -0.00881  1.78503
5.230	 -0.00817  1.78570
5.235	 -0.00753  1.78637
5.240	 -0.00689  1.78704
5.245	 -0.00625  1.78771
5.250	 -0.00560  1.78838
5.255	 -0.00496  1.78904
5.260	 -0.00431  1.78971
5.265	 -0.00366  1.79037
5.270	 -0.00301  1.79103
5.275	 -0.00236  1.79168
5.280	 -0.00171  1.79234
5.285	 -0.00105  1.79299
5.290	 -0.00040  1.79365
5.295	  0.00026  1.79430
5.300	  0.00092  1.79495
5.305	  0.00158  1.79559
5.310	  0.00224  1.79624
5.315	  0.00291  1.79688
5.320	  0.00357  1.79752
5.325	  0.00424  1.79816
5.330	  0.00491  1.79880
5.335	  0.00558  1.79944
5.340	  0.00625  1.80007
5.345	  0.00693  1.80070
5.350	  0.00760  1.80133
5.355	  0.00828  1.80196
5.360	  0.00896  1.80259
5.365	  0.00964  1.80322
5.370	  0.01032  1.80384
5.375	  0.01100  1.80446
5.380	  0.01168  1.80508
5.385	  0.01237  1.80570
5.390	  0.01306  1.80632
5.395	  0.01375  1.80693
5.400	  0.01444  1.80754
5.405	  0.01513  1.80815
5.410	  0.01582  1.80876
5.415	  0.01652  1.80937
5.420	  0.01721  1.80998
5.425	  0.01791  1.81058
5.430	  0.01861  1.81118
5.435	  0.01931  1.81178
5.440	  0.02002  1.81238
5.445	  0.02072  1.81298
5.450	  0.02143  1.81357
5.455	  0.02213  1.81416
5.460	  0.02284  1.81475
5.465	  0.02355  1.81534
5.470	  0.02426  1.81593
5.475	  0.02498  1.81652
5.480	  0.02569  1.81710
5.485	  0.02641  1.81768
5.490	  0.02712  1.81826
5.495	  0.02784  1.81884
5.500	  0.02856  1.81942
5.505	  0.02928  1.81999
5.510	  0.03001  1.82056
5.515	  0.03073  1.82113
5.520	  0.03146  1.82170
5.525	  0.03219  1.82227
5.530	  0.03292  1.82284
5.535	  0.03365  1.82340
5.540	  0.03438  1.82396
5.545	  0.03511  1.82452
5.550	  0.03585  1.82508
5.555	  0.03658  1.82563
5.560	  0.03732  1.82619
5.565	  0.03806  1.82674
5.570	  0.03880  1.82729
5.575	  0.03954  1.82784
5.580	  0.04028  1.82839
5.585	  0.04103  1.82893
5.590	  0.04177  1.82948
5.595	  0.04252  1.83002
5.600	  0.04327  1.83056
5.605	  0.04402  1.83109
5.610	  0.04477  1.83163
5.615	  0.04552  1.83216
5.620	  0.04628  1.83270
5.625	  0.04703  1.83323
5.630	  0.04779  1.83376
5.635	  0.04855  1.83428
5.640	  0.04931  1.83481
5.645	  0.05007  1.83533
5.650	  0.05083  1.83585
5.655	  0.05160  1.83637
5.660	  0.05236  1.83689
5.665	  0.05313  1.83740
5.670	  0.05390  1.83792
5.675	  0.05467  1.83843
5.680	  0.05544  1.83894
5.685	  0.05621  1.83945
5.690	  0.05698  1.83996
5.695	  0.05776  1.84046
5.700	  0.05853  1.84096
5.705	  0.05931  1.84146
5.710	  0.06009  1.84196
5.715	  0.06087  1.84246
5.720	  0.06165  1.84296
5.725	  0.06243  1.84345
5.730	  0.06321  1.84394
5.735	  0.06400  1.84443
5.740	  0.06478  1.84492
5.745	  0.06557  1.84541
5.750	  0.06636  1.84589
5.755	  0.06715  1.84637
5.760	  0.06794  1.84685
5.765	  0.06873  1.84733
5.770	  0.06953  1.84781
5.775	  0.07032  1.84828
5.780	  0.07112  1.84876
5.785	  0.07192  1.84923
5.790	  0.07271  1.84970
5.795	  0.07351  1.85017
5.800	  0.07432  1.85063
5.805	  0.07512  1.85110
5.810	  0.07592  1.85156
5.815	  0.07673  1.85202
5.820	  0.07753  1.85248
5.825	  0.07834  1.85293
5.830	  0.07915  1.85339
5.835	  0.07996  1.85384
5.840	  0.08077  1.85429
5.845	  0.08158  1.85474
5.850	  0.08239  1.85519
5.855	  0.08321  1.85563
5.860	  0.08402  1.85608
5.865	  0.08484  1.85652
5.870	  0.08566  1.85696
5.875	  0.08648  1.85740
5.880	  0.08730  1.85783
5.885	  0.08812  1.85827
5.890	  0.08894  1.85870
5.895	  0.08976  1.85913
5.900	  0.09059  1.85956
5.905	  0.09141  1.85999
5.910	  0.09224  1.86041
5.915	  0.09307  1.86084
5.920	  0.09390  1.86126
5.925	  0.09473  1.86168
5.930	  0.09556  1.86210
5.935	  0.09639  1.86251
5.940	  0.09723  1.86293
5.945	  0.09806  1.86334
5.950	  0.09890  1.86375
5.955	  0.09973  1.86416
5.960	  0.10057  1.86457
5.965	  0.10141  1.86497
5.970	  0.10225  1.86537
5.975	  0.10309  1.86578
5.980	  0.10393  1.86618
5.985	  0.10478  1.86657
5.990	  0.10562  1.86697
5.995	  0.10647  1.86736
6.000	  0.10731  1.86776
6.005	  0.10816  1.86815
6.010	  0.10901  1.86854
6.015	  0.10986  1.86892
6.020	  0.11071  1.86931
6.025	  0.11156  1.86969
6.030	  0.11241  1.87007
6.035	  0.11326  1.87045
6.040	  0.11412  1.87083
6.045	  0.11497  1.87121
6.050	  0.11583  1.87158
6.055	  0.11669  1.87195
6.060	  0.11755  1.87232
6.065	  0.11841  1.87269
6.070	  0.11927  1.87306
6.075	  0.12013  1.87342
6.080	  0.12099  1.87379
6.085	  0.12185  1.87415
6.090	  0.12272  1.87451
6.095	  0.12358  1.87486
6.100	  0.12445  1.87522
6.105	  0.12531  1.87557
6.110	  0.12618  1.87593
6.115	  0.12705  1.87628
6.120	  0.12792  1.87663
6.125	  0.12879  1.87697
6.130	  0.12966  1.87732
6.135	  0.13053  1.87766
6.140	  0.13141  1.87800
6.145	  0.13228  1.87834
6.150	  0.13316  1.87868
6.155	  0.13403  1.87902
6.160	  0.13491  1.87935
6.165	  0.13579  1.87968
6.170	  0.13667  1.88001
6.175	  0.13755  1.88034
6.180	  0.13843  1.88067
6.185	  0.13931  1.88100
6.190	  0.14019  1.88132
6.195	  0.14107  1.88164
6.200	  0.14195  1.88196
6.205	  0.14284  1.88228
6.210	  0.14372  1.88259
6.215	  0.14461  1.88291
6.220	  0.14550  1.88322
6.225	  0.14638  1.88353
6.230	  0.14727  1.88384
6.235	  0.14816  1.88415
6.240	  0.14905  1.88446
6.245	  0.14994  1.88476
6.250	  0.15083  1.88506
6.255	  0.15173  1.88536
6.260	  0.15262  1.88566
6.265	  0.15351  1.88596
6.270	  0.15441  1.88625
6.275	  0.15530  1.88655
6.280	  0.15620  1.88684
6.285	  0.15709  1.88713
6.290	  0.15799  1.88741
6.295	  0.15889  1.88770
6.300	  0.15979  1.88799
6.305	  0.16069  1.88827
6.310	  0.16159  1.88855
6.315	  0.16249  1.88883
6.320	  0.16339  1.88911
6.325	  0.16429  1.88938
6.330	  0.16520  1.88966
6.335	  0.16610  1.88993
6.340	  0.16700  1.89020
6.345	  0.16791  1.89047
6.350	  0.16881  1.89073
6.355	  0.16972  1.89100
6.360	  0.17063  1.89126
6.365	  0.17153  1.89152
6.370	  0.17244  1.89178
6.375	  0.17335  1.89204
6.380	  0.17426  1.89230
6.385	  0.17517  1.89255
6.390	  0.17608  1.89281
6.395	  0.17699  1.89306
6.400	  0.17790  1.89331
6.405	  0.17882  1.89356
6.410	  0.17973  1.89380
6.415	  0.18064  1.89405
6.420	  0.18156  1.89429
6.425	  0.18247  1.89453
6.430	  0.18339  1.89477
6.435	  0.18430  1.89501
6.440	  0.18522  1.89524
6.445	  0.18614  1.89548
6.450	  0.18705  1.89571
6.455	  0.18797  1.89594
6.460	  0.18889  1.89617
6.465	  0.18981  1.89640
6.470	  0.19073  1.89662
6.475	  0.19165  1.89685
6.480	  0.19257  1.89707
6.485	  0.19349  1.89729
6.490	  0.19441  1.89751
6.495	  0.19533  1.89773
6.500	  0.19626  1.89794
6.505	  0.19718  1.89816
6.510	  0.19810  1.89837
6.515	  0.19903  1.89858
6.520	  0.19995  1.89879
6.525	  0.20088  1.89900
6.530	  0.20180  1.89920
6.535	  0.20273  1.89941
6.540	  0.20365  1.89961
6.545	  0.20458  1.89981
6.550	  0.20551  1.90001
6.555	  0.20643  1.90021
6.560	  0.20736  1.90040
6.565	  0.20829  1.90059
6.570	  0.20922  1.90079
6.575	  0.21015  1.90098
6.580	  0.21107  1.90117
6.585	  0.21200  1.90135
6.590	  0.21293  1.90154
6.595	  0.21386  1.90172
6.600	  0.21480  1.90191
6.605	  0.21573  1.90209
6.610	  0.21666  1.90227
6.615	  0.21759  1.90244
6.620	  0.21852  1.90262
6.625	  0.21945  1.90280
6.630	  0.22039  1.90297
6.635	  0.22132  1.90314
6.640	  0.22225  1.90331
6.645	  0.22319  1.90348
6.650	  0.22412  1.90364
6.655	  0.22505  1.90381
6.660	  0.22599  1.90397
6.665	  0.22692  1.90413
6.670	  0.22786  1.90429
6.675	  0.22879  1.90445
6.680	  0.22973  1.90461
6.685	  0.23066  1.90476
6.690	  0.23160  1.90492
6.695	  0.23254  1.90507
6.700	  0.23347  1.90522
6.705	  0.23441  1.90537
6.710	  0.23535  1.90551
6.715	  0.23628  1.90566
6.720	  0.23722  1.90580
6.725	  0.23816  1.90595
6.730	  0.23910  1.90609
6.735	  0.24003  1.90623
6.740	  0.24097  1.90636
6.745	  0.24191  1.90650
6.750	  0.24285  1.90664
6.755	  0.24379  1.90677
6.760	  0.24473  1.90690
6.765	  0.24567  1.90703
6.770	  0.24660  1.90716
6.775	  0.24754  1.90729
6.780	  0.24848  1.90741
6.785	  0.24942  1.90754
6.790	  0.25036  1.90766
6.795	  0.25130  1.90778
6.800	  0.25224  1.90790
6.805	  0.25318  1.90802
6.810	  0.25412  1.90813
6.815	  0.25506  1.90825
6.820	  0.25600  1.90836
6.825	  0.25694  1.90847
6.830	  0.25788  1.90858
6.835	  0.25882  1.90869
6.840	  0.25976  1.90880
6.845	  0.26070  1.90890
6.850	  0.26164  1.90901
6.855	  0.26258  1.90911
6.860	  0.26352  1.90921
6.865	  0.26446  1.90931
6.870	  0.26541  1.90941
6.875	  0.26635  1.90951
6.880	  0.26729  1.90960
6.885	  0.26823  1.90970
6.890	  0.26917  1.90979
6.895	  0.27011  1.90988
6.900	  0.27105  1.90997
6.905	  0.27199  1.91006
6.910	  0.27293  1.91015
6.915	  0.27387  1.91023
6.920	  0.27481  1.91031
6.925	  0.27575  1.91040
6.930	  0.27669  1.91048
6.935	  0.27763  1.91056
6.940	  0.27857  1.91064
6.945	  0.27951  1.91071
6.950	  0.28045  1.91079
6.955	  0.28139  1.91086
6.960	  0.28233  1.91093
6.965	  0.28327  1.91100
6.970	  0.28421  1.91107
6.975	  0.28515  1.91114
6.980	  0.28609  1.91121
6.985	  0.28703  1.91127
6.990	  0.28797  1.91134
6.995	  0.28891  1.91140
7.000	  0.28985  1.91146
7.005	  0.29079  1.91152
7.010	  0.29172  1.91158
7.015	  0.29266  1.91164
7.020	  0.29360  1.91169
7.025	  0.29454  1.91175
7.030	  0.29548  1.91180
7.035	  0.29641  1.91185
7.040	  0.29735  1.91190
7.045	  0.29829  1.91195
7.050	  0.29923  1.91200
7.055	  0.30016  1.91204
7.060	  0.30110  1.91209
7.065	  0.30204  1.91213
7.070	  0.30297  1.91217
7.075	  0.30391  1.91221
7.080	  0.30485  1.91225
7.085	  0.30578  1.91229
7.090	  0.30672  1.91233
7.095	  0.30765  1.91236
7.100	  0.30859  1.91240
7.105	  0.30952  1.91243
7.110	  0.31046  1.91246
7.115	  0.31139  1.91249
7.120	  0.31232  1.91252
7.125	  0.31326  1.91255
7.130	  0.31419  1.91258
7.135	  0.31512  1.91260
7.140	  0.31605  1.91262
7.145	  0.31699  1.91265
7.150	  0.31792  1.91267
7.155	  0.31885  1.91269
7.160	  0.31978  1.91271
7.165	  0.32071  1.91272
7.170	  0.32164  1.91274
7.175	  0.32257  1.91276
7.180	  0.32350  1.91277
7.185	  0.32443  1.91278
7.190	  0.32536  1.91279
7.195	  0.32629  1.91280
7.200	  0.32722  1.91281
7.205	  0.32815  1.91282
7.210	  0.32907  1.91282
7.215	  0.33000  1.91283
7.220	  0.33093  1.91283
7.225	  0.33185  1.91284
7.230	  0.33278  1.91284
7.235	  0.33371  1.91284
7.240	  0.33463  1.91284
7.245	  0.33555  1.91283
7.250	  0.33648  1.91283
7.255	  0.33740  1.91282
7.260	  0.33833  1.91282
7.265	  0.33925  1.91281
7.270	  0.34017  1.91280
7.275	  0.34109  1.91279
7.280	  0.34201  1.91278
7.285	  0.34293  1.91277
7.290	  0.34386  1.91276
7.295	  0.34478  1.91274
7.300	  0.34569  1.91273
7.305	  0.34661  1.91271
7.310	  0.34753  1.91269
7.315	  0.34845  1.91268
7.320	  0.34937  1.91266
7.325	  0.35028  1.91264
7.330	  0.35120  1.91261
7.335	  0.35212  1.91259
7.340	  0.35303  1.91257
7.345	  0.35395  1.91254
7.350	  0.35486  1.91251
7.355	  0.35577  1.91249
7.360	  0.35669  1.91246
7.365	  0.35760  1.91243
7.370	  0.35851  1.91240
7.375	  0.35942  1.91236
7.380	  0.36033  1.91233
7.385	  0.36124  1.91230
7.390	  0.36215  1.91226
7.395	  0.36306  1.91222
7.400	  0.36397  1.91219
7.405	  0.36488  1.91215
7.410	  0.36578  1.91211
7.415	  0.36669  1.91207
7.420	  0.36759  1.91203
7.425	  0.36850  1.91198
7.430	  0.36940  1.91194
7.435	  0.37031  1.91189
7.440	  0.37121  1.91185
7.445	  0.37211  1.91180
7.450	  0.37301  1.91175
7.455	  0.37391  1.91170
7.460	  0.37482  1.91165
7.465	  0.37571  1.91160
7.470	  0.37661  1.91155
7.475	  0.37751  1.91150
7.480	  0.37841  1.91144
7.485	  0.37931  1.91139
7.490	  0.38020  1.91133
7.495	  0.38110  1.91127
7.500	  0.38199  1.91122
7.505	  0.38289  1.91116
7.510	  0.38378  1.91110
7.515	  0.38467  1.91104
7.520	  0.38556  1.91097
7.525	  0.38645  1.91091
7.530	  0.38734  1.91085
7.535	  0.38823  1.91078
7.540	  0.38912  1.91072
7.545	  0.39001  1.91065
7.550	  0.39090  1.91058
7.555	  0.39178  1.91051
7.560	  0.39267  1.91044
7.565	  0.39355  1.91037
7.570	  0.39444  1.91030
7.575	  0.39532  1.91023
7.580	  0.39620  1.91016
7.585	  0.39708  1.91008
7.590	  0.39796  1.91001
7.595	  0.39884  1.90993
7.600	  0.39972  1.90985
7.605	  0.40060  1.90978
7.610	  0.40148  1.90970
7.615	  0.40235  1.90962
7.620	  0.40323  1.90954
7.625	  0.40410  1.90946
7.630	  0.40498  1.90937
7.635	  0.40585  1.90929
7.640	  0.40672  1.90921
7.645	  0.40759  1.90912
7.650	  0.40846  1.90904
7.655	  0.40933  1.90895
7.660	  0.41020  1.90886
7.665	  0.41107  1.90878
7.670	  0.41194  1.90869
7.675	  0.41280  1.90860
7.680	  0.41367  1.90851
7.685	  0.41453  1.90841
7.690	  0.41539  1.90832
7.695	  0.41626  1.90823
7.700	  0.41712  1.90814
7.705	  0.41798  1.90804
7.710	  0.41884  1.90795
7.715	  0.41969  1.90785
7.720	  0.42055  1.90775
7.725	  0.42141  1.90765
7.730	  0.42226  1.90756
7.735	  0.42312  1.90746
7.740	  0.42397  1.90736
7.745	  0.42482  1.90726
7.750	  0.42567  1.90715
7.755	  0.42652  1.90705
7.760	  0.42737  1.90695
7.765	  0.42822  1.90685
7.770	  0.42907  1.90674
7.775	  0.42991  1.90664
7.780	  0.43076  1.90653
7.785	  0.43160  1.90642
7.790	  0.43245  1.90632
7.795	  0.43329  1.90621
7.800	  0.43413  1.90610
7.805	  0.43497  1.90599
7.810	  0.43581  1.90588
7.815	  0.43665  1.90577
7.820	  0.43748  1.90566
7.825	  0.43832  1.90554
7.830	  0.43915  1.90543
7.835	  0.43999  1.90532
7.840	  0.44082  1.90520
7.845	  0.44165  1.90509
7.850	  0.44248  1.90497
7.855	  0.44331  1.90486
7.860	  0.44414  1.90474
7.865	  0.44497  1.90462
7.870	  0.44579  1.90450
7.875	  0.44662  1.90438
7.880	  0.44744  1.90426
7.885	  0.44826  1.90414
7.890	  0.44908  1.90402
7.895	  0.44990  1.90390
7.900	  0.45072  1.90378
7.905	  0.45154  1.90366
7.910	  0.45236  1.90353
7.915	  0.45317  1.90341
7.920	  0.45399  1.90329
7.925	  0.45480  1.90316
7.930	  0.45561  1.90304
7.935	  0.45642  1.90291
7.940	  0.45723  1.90278
7.945	  0.45804  1.90265
7.950	  0.45885  1.90253
7.955	  0.45966  1.90240
7.960	  0.46046  1.90227
7.965	  0.46126  1.90214
7.970	  0.46207  1.90201
7.975	  0.46287  1.90188
7.980	  0.46367  1.90175
7.985	  0.46447  1.90162
7.990	  0.46527  1.90148
7.995	  0.46606  1.90135
8.000	  0.46686  1.90122
8.005	  0.46765  1.90108
8.010	  0.46844  1.90095
8.015	  0.46923  1.90081
8.020	  0.47002  1.90068
8.025	  0.47081  1.90054
8.030	  0.47160  1.90041
8.035	  0.47239  1.90027
8.040	  0.47317  1.90013
8.045	  0.47396  1.90000
8.050	  0.47474  1.89986
8.055	  0.47552  1.89972
8.060	  0.47630  1.89958
8.065	  0.47708  1.89944
8.070	  0.47786  1.89930
8.075	  0.47863  1.89916
8.080	  0.47941  1.89902
8.085	  0.48018  1.89888
8.090	  0.48095  1.89874
8.095	  0.48172  1.89859
8.100	  0.48249  1.89845
8.105	  0.48326  1.89831
8.110	  0.48403  1.89816
8.115	  0.48479  1.89802
8.120	  0.48556  1.89788
8.125	  0.48632  1.89773
8.130	  0.48708  1.89759
8.135	  0.48784  1.89744
8.140	  0.48860  1.89730
8.145	  0.48936  1.89715
8.150	  0.49011  1.89700
8.155	  0.49087  1.89686
8.160	  0.49162  1.89671
8.165	  0.49237  1.89656
8.170	  0.49312  1.89641
8.175	  0.49387  1.89626
8.180	  0.49462  1.89612
8.185	  0.49536  1.89597
8.190	  0.49611  1.89582
8.195	  0.49685  1.89567
8.200	  0.49759  1.89552
8.205	  0.49833  1.89537
8.210	  0.49907  1.89522
8.215	  0.49981  1.89507
8.220	  0.50055  1.89491
8.225	  0.50128  1.89476
8.230	  0.50202  1.89461
8.235	  0.50275  1.89446
8.240	  0.50348  1.89431
8.245	  0.50421  1.89415
8.250	  0.50493  1.89400
8.255	  0.50566  1.89385
8.260	  0.50638  1.89369
8.265	  0.50711  1.89354
8.270	  0.50783  1.89339
8.275	  0.50855  1.89323
8.280	  0.50927  1.89308
8.285	  0.50998  1.89292
8.290	  0.51070  1.89277
8.295	  0.51141  1.89261
8.300	  0.51213  1.89246
8.305	  0.51284  1.89230
8.310	  0.51355  1.89214
8.315	  0.51426  1.89199
8.320	  0.51496  1.89183
8.325	  0.51567  1.89167
8.330	  0.51637  1.89152
8.335	  0.51707  1.89136
8.340	  0.51777  1.89120
8.345	  0.51847  1.89105
8.350	  0.51917  1.89089
8.355	  0.51987  1.89073
8.360	  0.52056  1.89057
8.365	  0.52125  1.89042
8.370	  0.52194  1.89026
8.375	  0.52263  1.89010
8.380	  0.52332  1.88994
8.385	  0.52401  1.88978
8.390	  0.52469  1.88962
8.395	  0.52538  1.88946
8.400	  0.52606  1.88930
8.405	  0.52674  1.88915
8.410	  0.52742  1.88899
8.415	  0.52809  1.88883
8.420	  0.52877  1.88867
8.425	  0.52944  1.88851
8.430	  0.53011  1.88835
8.435	  0.53078  1.88819
8.440	  0.53145  1.88803
8.445	  0.53212  1.88787
8.450	  0.53279  1.88771
8.455	  0.53345  1.88755
8.460	  0.53411  1.88739
8.465	  0.53477  1.88723
8.470	  0.53543  1.88707
8.475	  0.53609  1.88690
8.480	  0.53674  1.88674
8.485	  0.53740  1.88658
8.490	  0.53805  1.88642
8.495	  0.53870  1.88626
8.500	  0.53935  1.88610
8.505	  0.54000  1.88594
8.510	  0.54064  1.88578
8.515	  0.54129  1.88562
8.520	  0.54193  1.88546
8.525	  0.54257  1.88530
8.530	  0.54321  1.88514
8.535	  0.54385  1.88497
8.540	  0.54448  1.88481
8.545	  0.54512  1.88465
8.550	  0.54575  1.88449
8.555	  0.54638  1.88433
8.560	  0.54701  1.88417
8.565	  0.54764  1.88401
8.570	  0.54826  1.88385
8.575	  0.54889  1.88369
8.580	  0.54951  1.88353
8.585	  0.55013  1.88337
8.590	  0.55075  1.88321
8.595	  0.55136  1.88304
8.600	  0.55198  1.88288
8.605	  0.55259  1.88272
8.610	  0.55320  1.88256
8.615	  0.55381  1.88240
8.620	  0.55442  1.88224
8.625	  0.55503  1.88208
8.630	  0.55563  1.88192
8.635	  0.55624  1.88176
8.640	  0.55684  1.88160
8.645	  0.55744  1.88144
8.650	  0.55803  1.88128
8.655	  0.55863  1.88112
8.660	  0.55922  1.88096
8.665	  0.55982  1.88080
8.670	  0.56041  1.88064
8.675	  0.56099  1.88048
8.680	  0.56158  1.88032
8.685	  0.56217  1.88016
8.690	  0.56275  1.88001
8.695	  0.56333  1.87985
8.700	  0.56391  1.87969
8.705	  0.56449  1.87953
8.710	  0.56506  1.87937
8.715	  0.56564  1.87921
8.720	  0.56621  1.87906
8.725	  0.56678  1.87890
8.730	  0.56735  1.87874
8.735	  0.56792  1.87858
8.740	  0.56848  1.87842
8.745	  0.56904  1.87827
8.750	  0.56960  1.87811
8.755	  0.57016  1.87795
8.760	  0.57072  1.87780
8.765	  0.57128  1.87764
8.770	  0.57183  1.87748
8.775	  0.57238  1.87733
8.780	  0.57293  1.87717
8.785	  0.57348  1.87702
8.790	  0.57403  1.87686
8.795	  0.57457  1.87671
8.800	  0.57512  1.87655
8.805	  0.57566  1.87640
8.810	  0.57619  1.87624
8.815	  0.57673  1.87609
8.820	  0.57727  1.87593
8.825	  0.57780  1.87578
8.830	  0.57833  1.87563
8.835	  0.57886  1.87547
8.840	  0.57939  1.87532
8.845	  0.57991  1.87517
8.850	  0.58044  1.87502
8.855	  0.58096  1.87486
8.860	  0.58148  1.87471
8.865	  0.58200  1.87456
8.870	  0.58251  1.87441
8.875	  0.58303  1.87426
8.880	  0.58354  1.87411
8.885	  0.58405  1.87396
8.890	  0.58456  1.87381
8.895	  0.58506  1.87366
8.900	  0.58557  1.87351
8.905	  0.58607  1.87336
8.910	  0.58657  1.87321
8.915	  0.58707  1.87306
8.920	  0.58756  1.87291
8.925	  0.58806  1.87276
8.930	  0.58855  1.87262
8.935	  0.58904  1.87247
8.940	  0.58953  1.87232
8.945	  0.59002  1.87218
8.950	  0.59050  1.87203
8.955	  0.59098  1.87188
8.960	  0.59146  1.87174
8.965	  0.59194  1.87159
8.970	  0.59242  1.87145
8.975	  0.59289  1.87130
8.980	  0.59337  1.87116
8.985	  0.59384  1.87102
8.990	  0.59431  1.87087
8.995	  0.59477  1.87073
9.000	  0.59524  1.87059
9.005	  0.59570  1.87045
9.010	  0.59616  1.87031
9.015	  0.59662  1.87016
9.020	  0.59707  1.87002
9.025	  0.59753  1.86988
9.030	  0.59798  1.86974
9.035	  0.59843  1.86960
9.040	  0.59888  1.86946
9.045	  0.59933  1.86933
9.050	  0.59977  1.86919
9.055	  0.60021  1.86905
9.060	  0.60065  1.86891
9.065	  0.60109  1.86878
9.070	  0.60153  1.86864
9.075	  0.60196  1.86850
9.080	  0.60239  1.86837
9.085	  0.60282  1.86823
9.090	  0.60325  1.86810
9.095	  0.60368  1.86796
9.100	  0.60410  1.86783
9.105	  0.60452  1.86770
9.110	  0.60494  1.86756
9.115	  0.60536  1.86743
9.120	  0.60577  1.86730
9.125	  0.60619  1.86717
9.130	  0.60660  1.86704
9.135	  0.60701  1.86691
9.140	  0.60741  1.86678
9.145	  0.60782  1.86665
9.150	  0.60822  1.86652
9.155	  0.60862  1.86639
9.160	  0.60902  1.86626
9.165	  0.60942  1.86614
9.170	  0.60981  1.86601
9.175	  0.61020  1.86588
9.180	  0.61059  1.86576
9.185	  0.61098  1.86563
9.190	  0.61137  1.86551
9.195	  0.61175  1.86538
9.200	  0.61213  1.86526
9.205	  0.61251  1.86514
9.210	  0.61289  1.86501
9.215	  0.61326  1.86489
9.220	  0.61363  1.86477
9.225	  0.61400  1.86465
9.230	  0.61437  1.86453
9.235	  0.61474  1.86441
9.240	  0.61510  1.86429
9.245	  0.61547  1.86417
9.250	  0.61582  1.86406
9.255	  0.61618  1.86394
9.260	  0.61654  1.86382
9.265	  0.61689  1.86371
9.270	  0.61724  1.86359
9.275	  0.61759  1.86347
9.280	  0.61794  1.86336
9.285	  0.61828  1.86325
9.290	  0.61862  1.86313
9.295	  0.61896  1.86302
9.300	  0.61930  1.86291
9.305	  0.61964  1.86280
9.310	  0.61997  1.86269
9.315	  0.62030  1.86258
9.320	  0.62063  1.86247
9.325	  0.62096  1.86236
9.330	  0.62128  1.86225
9.335	  0.62161  1.86214
9.340	  0.62193  1.86204
9.345	  0.62224  1.86193
9.350	  0.62256  1.86182
9.355	  0.62287  1.86172
9.360	  0.62318  1.86161
9.365	  0.62349  1.86151
9.370	  0.62380  1.86141
9.375	  0.62410  1.86131
9.380	  0.62441  1.86120
9.385	  0.62471  1.86110
9.390	  0.62500  1.86100
9.395	  0.62530  1.86090
9.400	  0.62559  1.86080
9.405	  0.62588  1.86071
9.410	  0.62617  1.86061
9.415	  0.62646  1.86051
9.420	  0.62674  1.86041
9.425	  0.62702  1.86032
9.430	  0.62730  1.86022
9.435	  0.62758  1.86013
9.440	  0.62786  1.86004
9.445	  0.62813  1.85994
9.450	  0.62840  1.85985
9.455	  0.62867  1.85976
9.460	  0.62893  1.85967
9.465	  0.62920  1.85958
9.470	  0.62946  1.85949
9.475	  0.62972  1.85940
9.480	  0.62997  1.85931
9.485	  0.63023  1.85923
9.490	  0.63048  1.85914
9.495	  0.63073  1.85905
9.500	  0.63098  1.85897
9.505	  0.63122  1.85889
9.510	  0.63146  1.85880
9.515	  0.63170  1.85872
9.520	  0.63194  1.85864
9.525	  0.63218  1.85856
9.530	  0.63241  1.85848
9.535	  0.63264  1.85840
9.540	  0.63287  1.85832
9.545	  0.63310  1.85824
9.550	  0.63332  1.85816
9.555	  0.63354  1.85809
9.560	  0.63376  1.85801
9.565	  0.63398  1.85793
9.570	  0.63419  1.85786
9.575	  0.63441  1.85779
9.580	  0.63462  1.85771
9.585	  0.63482  1.85764
9.590	  0.63503  1.85757
9.595	  0.63523  1.85750
9.600	  0.63543  1.85743
9.605	  0.63563  1.85736
9.610	  0.63583  1.85729
9.615	  0.63602  1.85723
9.620	  0.63621  1.85716
9.625	  0.63640  1.85709
9.630	  0.63658  1.85703
9.635	  0.63677  1.85696
9.640	  0.63695  1.85690
9.645	  0.63713  1.85684
9.650	  0.63730  1.85678
9.655	  0.63748  1.85672
9.660	  0.63765  1.85666
9.665	  0.63782  1.85660
9.670	  0.63799  1.85654
9.675	  0.63815  1.85648
9.680	  0.63831  1.85642
9.685	  0.63847  1.85637
9.690	  0.63863  1.85631
9.695	  0.63878  1.85626
9.700	  0.63894  1.85621
9.705	  0.63909  1.85615
9.710	  0.63923  1.85610
9.715	  0.63938  1.85605
9.720	  0.63952  1.85600
9.725	  0.63966  1.85595
9.730	  0.63980  1.85590
9.735	  0.63993  1.85585
9.740	  0.64007  1.85581
9.745	  0.64020  1.85576
9.750	  0.64032  1.85572
9.755	  0.64045  1.85567
9.760	  0.64057  1.85563
9.765	  0.64069  1.85559
9.770	  0.64081  1.85555
9.775	  0.64092  1.85550
9.780	  0.64104  1.85546
9.785	  0.64115  1.85543
9.790	  0.64126  1.85539
9.795	  0.64136  1.85535
9.800	  0.64146  1.85531
9.805	  0.64157  1.85528
9.810	  0.64166  1.85524
9.815	  0.64176  1.85521
9.820	  0.64185  1.85518
9.825	  0.64194  1.85514
9.830	  0.64203  1.85511
9.835	  0.64212  1.85508
9.840	  0.64220  1.85505
9.845	  0.64228  1.85502
9.850	  0.64236  1.85500
9.855	  0.64243  1.85497
9.860	  0.64251  1.85494
9.865	  0.64258  1.85492
9.870	  0.64264  1.85490
9.875	  0.64271  1.85487
9.880	  0.64277  1.85485
9.885	  0.64283  1.85483
9.890	  0.64289  1.85481
9.895	  0.64295  1.85479
9.900	  0.64300  1.85477
9.905	  0.64305  1.85475
9.910	  0.64310  1.85473
9.915	  0.64314  1.85472
9.920	  0.64318  1.85470
9.925	  0.64322  1.85469
9.930	  0.64326  1.85468
9.935	  0.64330  1.85466
9.940	  0.64333  1.85465
9.945	  0.64336  1.85464
9.950	  0.64338  1.85463
9.955	  0.64341  1.85462
9.960	  0.64343  1.85462
9.965	  0.64345  1.85461
9.970	  0.64347  1.85460
9.975	  0.64348  1.85460
9.980	  0.64349  1.85459
9.985	  0.64350  1.85459
9.990	  0.64351  1.85459
9.995	  0.64351  1.85459
